245.0 -68.0
-378.0 -216.0
-554.0 -317.0
-115.0 228.0
-209.0 -64.0
48.0 282.0
-219.0 181.0
-8.0 -29.0
-126.0 -275.0
-427.0 -16.0
145.0 -175.0
145.0 16.0
101.0 -340.0
161.0 -256.0
-589.0 336.0
-669.0 -315.0
-80.0 -99.0
-210.0 66.0
12.0 -163.0
62.0 -224.0
-90.0 -152.0
-551.0 12.0
67.0 55.0
78.0 99.0
-53.0 -195.0
-16.0 -235.0
6.0 -118.0
79.0 149.0
-270.0 -16.0
-240.0 -174.0
221.0 -126.0
-312.0 -73.0
54.0 -304.0
96.0 -288.0
-81.0 -192.0
26.0 -261.0
437.0 -397.0
-281.0 -102.0
-459.0 230.0
-405.0 -275.0
-146.0 -425.0
-198.0 -168.0
-470.0 -91.0
-139.0 -248.0
-608.0 -394.0
-269.0 -252.0
-149.0 -282.0